Training evalution: 
============================
Overall accuracy:0.7920729166666667
f1(0): 0.7883366169911796
recall(0): 0.7746704493670182
precision(0): 0.8024936205856827
f1(4): 0.7956795974393671
recall(4): 0.8094641726554777
precision(4): 0.7823566433660276

Testing evaluation:
============================
Overall accuracy:0.7879625
f1(0): 0.7842708346580866
recall(0): 0.7686209991026024
precision(0): 0.8005712060236272
f1(4): 0.7915299438361048
recall(4): 0.8074165078728313
precision(4): 0.7762564782451489
